N
50 100
C
5000
L1
10	0
10	1
10	2
10	3
10	4
10	5
10	6
10	7
10	8
10	9
10	10
10	11
10	12
10	13
10	14
10	15
10	16
10	17
10	18
10	19
10	20
10	21
10	22
10	23
10	24
10	25
10	26
10	27
10	28
10	29
10	30
10	31
10	32
10	33
10	34
10	35
10	36
10	37
10	38
10	39
10	40
10	41
10	42
10	43
10	44
10	45
10	46
10	47
10	48
10	49
10	50
10	51
10	52
10	53
10	54
10	55
10	56
10	57
10	58
10	59
10	60
10	61
10	62
10	63
10	64
10	65
10	66
10	67
10	68
10	69
10	70
10	71
10	72
10	73
10	74
10	75
10	76
10	77
10	78
10	79
10	80
10	81
10	82
10	83
10	84
10	85
10	86
10	87
10	88
10	89
10	90
10	91
10	92
10	93
10	94
10	95
10	96
10	97
10	98
10	99
10	100
L2
40	0
40	1
40	2
40	3
40	4
40	5
40	6
40	7
40	8
40	9
40	10
40	11
40	12
40	13
40	14
40	15
40	16
40	17
40	18
40	19
40	20
40	21
40	22
40	23
40	24
40	25
40	26
40	27
40	28
40	29
40	30
40	31
40	32
40	33
40	34
40	35
40	36
40	37
40	38
40	39
40	40
40	41
40	42
40	43
40	44
40	45
40	46
40	47
40	48
40	49
40	50
40	51
40	52
40	53
40	54
40	55
40	56
40	57
40	58
40	59
40	60
40	61
40	62
40	63
40	64
40	65
40	66
40	67
40	68
40	69
40	70
40	71
40	72
40	73
40	74
40	75
40	76
40	77
40	78
40	79
40	80
40	81
40	82
40	83
40	84
40	85
40	86
40	87
40	88
40	89
40	90
40	91
40	92
40	93
40	94
40	95
40	96
40	97
40	98
40	99
40	100
M
M
5000 5000 5000 5000 5000 5000 5000 5000 5000 5000 1.0 1.0 1.0 1.0 1.0 1.0 1.0 1.0 1.0 1.0 1.0 1.0 1.0 1.0 1.0 1.0 1.0 1.0 1.0 1.0 1.0 1.0 1.0 1.0 1.0 1.0 1.0 1.0 1.0 1.0 5000 5000 5000 5000 5000 5000 5000 5000 5000 5000
5000 5000 5000 5000 5000 5000 5000 5000 5000 5000 1.0 1.0 1.0 1.0 1.0 1.0 1.0 1.0 1.0 1.0 1.0 1.0 1.0 1.0 1.0 1.0 1.0 1.0 1.0 1.0 1.0 1.0 1.0 1.0 1.0 1.0 1.0 1.0 1.0 1.0 5000 5000 5000 5000 5000 5000 5000 5000 5000 5000
5000 5000 5000 5000 5000 5000 5000 5000 5000 5000 1.0 1.0 1.0 1.0 1.0 1.0 1.0 1.0 1.0 1.0 1.0 1.0 1.0 1.0 1.0 1.0 1.0 1.0 1.0 1.0 1.0 1.0 1.0 1.0 1.0 1.0 1.0 1.0 1.0 1.0 5000 5000 5000 5000 5000 5000 5000 5000 5000 5000
5000 5000 5000 5000 5000 5000 5000 5000 5000 5000 1.0 1.0 1.0 1.0 1.0 1.0 1.0 1.0 1.0 1.0 1.0 1.0 1.0 1.0 1.0 1.0 1.0 1.0 1.0 1.0 1.0 1.0 1.0 1.0 1.0 1.0 1.0 1.0 1.0 1.0 5000 5000 5000 5000 5000 5000 5000 5000 5000 5000
5000 5000 5000 5000 5000 5000 5000 5000 5000 5000 1.0 1.0 1.0 1.0 1.0 1.0 1.0 1.0 1.0 1.0 1.0 1.0 1.0 1.0 1.0 1.0 1.0 1.0 1.0 1.0 1.0 1.0 1.0 1.0 1.0 1.0 1.0 1.0 1.0 1.0 5000 5000 5000 5000 5000 5000 5000 5000 5000 5000
5000 5000 5000 5000 5000 5000 5000 5000 5000 5000 1.0 1.0 1.0 1.0 1.0 1.0 1.0 1.0 1.0 1.0 1.0 1.0 1.0 1.0 1.0 1.0 1.0 1.0 1.0 1.0 1.0 1.0 1.0 1.0 1.0 1.0 1.0 1.0 1.0 1.0 5000 5000 5000 5000 5000 5000 5000 5000 5000 5000
5000 5000 5000 5000 5000 5000 5000 5000 5000 5000 1.0 1.0 1.0 1.0 1.0 1.0 1.0 1.0 1.0 1.0 1.0 1.0 1.0 1.0 1.0 1.0 1.0 1.0 1.0 1.0 1.0 1.0 1.0 1.0 1.0 1.0 1.0 1.0 1.0 1.0 5000 5000 5000 5000 5000 5000 5000 5000 5000 5000
5000 5000 5000 5000 5000 5000 5000 5000 5000 5000 1.0 1.0 1.0 1.0 1.0 1.0 1.0 1.0 1.0 1.0 1.0 1.0 1.0 1.0 1.0 1.0 1.0 1.0 1.0 1.0 1.0 1.0 1.0 1.0 1.0 1.0 1.0 1.0 1.0 1.0 5000 5000 5000 5000 5000 5000 5000 5000 5000 5000
5000 5000 5000 5000 5000 5000 5000 5000 5000 5000 1.0 1.0 1.0 1.0 1.0 1.0 1.0 1.0 1.0 1.0 1.0 1.0 1.0 1.0 1.0 1.0 1.0 1.0 1.0 1.0 1.0 1.0 1.0 1.0 1.0 1.0 1.0 1.0 1.0 1.0 5000 5000 5000 5000 5000 5000 5000 5000 5000 5000
5000 5000 5000 5000 5000 5000 5000 5000 5000 5000 1.0 1.0 1.0 1.0 1.0 1.0 1.0 1.0 1.0 1.0 1.0 1.0 1.0 1.0 1.0 1.0 1.0 1.0 1.0 1.0 1.0 1.0 1.0 1.0 1.0 1.0 1.0 1.0 1.0 1.0 5000 5000 5000 5000 5000 5000 5000 5000 5000 5000
5000 5000 5000 5000 5000 5000 5000 5000 5000 5000 1.0 1.0 1.0 1.0 1.0 1.0 1.0 1.0 1.0 1.0 1.0 1.0 1.0 1.0 1.0 1.0 1.0 1.0 1.0 1.0 1.0 1.0 1.0 1.0 1.0 1.0 1.0 1.0 1.0 1.0 5000 5000 5000 5000 5000 5000 5000 5000 5000 5000
5000 5000 5000 5000 5000 5000 5000 5000 5000 5000 1.0 1.0 1.0 1.0 1.0 1.0 1.0 1.0 1.0 1.0 1.0 1.0 1.0 1.0 1.0 1.0 1.0 1.0 1.0 1.0 1.0 1.0 1.0 1.0 1.0 1.0 1.0 1.0 1.0 1.0 5000 5000 5000 5000 5000 5000 5000 5000 5000 5000
5000 5000 5000 5000 5000 5000 5000 5000 5000 5000 1.0 1.0 1.0 1.0 1.0 1.0 1.0 1.0 1.0 1.0 1.0 1.0 1.0 1.0 1.0 1.0 1.0 1.0 1.0 1.0 1.0 1.0 1.0 1.0 1.0 1.0 1.0 1.0 1.0 1.0 5000 5000 5000 5000 5000 5000 5000 5000 5000 5000
5000 5000 5000 5000 5000 5000 5000 5000 5000 5000 1.0 1.0 1.0 1.0 1.0 1.0 1.0 1.0 1.0 1.0 1.0 1.0 1.0 1.0 1.0 1.0 1.0 1.0 1.0 1.0 1.0 1.0 1.0 1.0 1.0 1.0 1.0 1.0 1.0 1.0 5000 5000 5000 5000 5000 5000 5000 5000 5000 5000
5000 5000 5000 5000 5000 5000 5000 5000 5000 5000 1.0 1.0 1.0 1.0 1.0 1.0 1.0 1.0 1.0 1.0 1.0 1.0 1.0 1.0 1.0 1.0 1.0 1.0 1.0 1.0 1.0 1.0 1.0 1.0 1.0 1.0 1.0 1.0 1.0 1.0 5000 5000 5000 5000 5000 5000 5000 5000 5000 5000
5000 5000 5000 5000 5000 5000 5000 5000 5000 5000 1.0 1.0 1.0 1.0 1.0 1.0 1.0 1.0 1.0 1.0 1.0 1.0 1.0 1.0 1.0 1.0 1.0 1.0 1.0 1.0 1.0 1.0 1.0 1.0 1.0 1.0 1.0 1.0 1.0 1.0 5000 5000 5000 5000 5000 5000 5000 5000 5000 5000
5000 5000 5000 5000 5000 5000 5000 5000 5000 5000 1.0 1.0 1.0 1.0 1.0 1.0 1.0 1.0 1.0 1.0 1.0 1.0 1.0 1.0 1.0 1.0 1.0 1.0 1.0 1.0 1.0 1.0 1.0 1.0 1.0 1.0 1.0 1.0 1.0 1.0 5000 5000 5000 5000 5000 5000 5000 5000 5000 5000
5000 5000 5000 5000 5000 5000 5000 5000 5000 5000 1.0 1.0 1.0 1.0 1.0 1.0 1.0 1.0 1.0 1.0 1.0 1.0 1.0 1.0 1.0 1.0 1.0 1.0 1.0 1.0 1.0 1.0 1.0 1.0 1.0 1.0 1.0 1.0 1.0 1.0 5000 5000 5000 5000 5000 5000 5000 5000 5000 5000
5000 5000 5000 5000 5000 5000 5000 5000 5000 5000 1.0 1.0 1.0 1.0 1.0 1.0 1.0 1.0 1.0 1.0 1.0 1.0 1.0 1.0 1.0 1.0 1.0 1.0 1.0 1.0 1.0 1.0 1.0 1.0 1.0 1.0 1.0 1.0 1.0 1.0 5000 5000 5000 5000 5000 5000 5000 5000 5000 5000
5000 5000 5000 5000 5000 5000 5000 5000 5000 5000 1.0 1.0 1.0 1.0 1.0 1.0 1.0 1.0 1.0 1.0 1.0 1.0 1.0 1.0 1.0 1.0 1.0 1.0 1.0 1.0 1.0 1.0 1.0 1.0 1.0 1.0 1.0 1.0 1.0 1.0 5000 5000 5000 5000 5000 5000 5000 5000 5000 5000
5000 5000 5000 5000 5000 5000 5000 5000 5000 5000 1.0 1.0 1.0 1.0 1.0 1.0 1.0 1.0 1.0 1.0 1.0 1.0 1.0 1.0 1.0 1.0 1.0 1.0 1.0 1.0 1.0 1.0 1.0 1.0 1.0 1.0 1.0 1.0 1.0 1.0 5000 5000 5000 5000 5000 5000 5000 5000 5000 5000
5000 5000 5000 5000 5000 5000 5000 5000 5000 5000 1.0 1.0 1.0 1.0 1.0 1.0 1.0 1.0 1.0 1.0 1.0 1.0 1.0 1.0 1.0 1.0 1.0 1.0 1.0 1.0 1.0 1.0 1.0 1.0 1.0 1.0 1.0 1.0 1.0 1.0 5000 5000 5000 5000 5000 5000 5000 5000 5000 5000
5000 5000 5000 5000 5000 5000 5000 5000 5000 5000 1.0 1.0 1.0 1.0 1.0 1.0 1.0 1.0 1.0 1.0 1.0 1.0 1.0 1.0 1.0 1.0 1.0 1.0 1.0 1.0 1.0 1.0 1.0 1.0 1.0 1.0 1.0 1.0 1.0 1.0 5000 5000 5000 5000 5000 5000 5000 5000 5000 5000
5000 5000 5000 5000 5000 5000 5000 5000 5000 5000 1.0 1.0 1.0 1.0 1.0 1.0 1.0 1.0 1.0 1.0 1.0 1.0 1.0 1.0 1.0 1.0 1.0 1.0 1.0 1.0 1.0 1.0 1.0 1.0 1.0 1.0 1.0 1.0 1.0 1.0 5000 5000 5000 5000 5000 5000 5000 5000 5000 5000
5000 5000 5000 5000 5000 5000 5000 5000 5000 5000 1.0 1.0 1.0 1.0 1.0 1.0 1.0 1.0 1.0 1.0 1.0 1.0 1.0 1.0 1.0 1.0 1.0 1.0 1.0 1.0 1.0 1.0 1.0 1.0 1.0 1.0 1.0 1.0 1.0 1.0 5000 5000 5000 5000 5000 5000 5000 5000 5000 5000
5000 5000 5000 5000 5000 5000 5000 5000 5000 5000 1.0 1.0 1.0 1.0 1.0 1.0 1.0 1.0 1.0 1.0 1.0 1.0 1.0 1.0 1.0 1.0 1.0 1.0 1.0 1.0 1.0 1.0 1.0 1.0 1.0 1.0 1.0 1.0 1.0 1.0 5000 5000 5000 5000 5000 5000 5000 5000 5000 5000
5000 5000 5000 5000 5000 5000 5000 5000 5000 5000 1.0 1.0 1.0 1.0 1.0 1.0 1.0 1.0 1.0 1.0 1.0 1.0 1.0 1.0 1.0 1.0 1.0 1.0 1.0 1.0 1.0 1.0 1.0 1.0 1.0 1.0 1.0 1.0 1.0 1.0 5000 5000 5000 5000 5000 5000 5000 5000 5000 5000
5000 5000 5000 5000 5000 5000 5000 5000 5000 5000 1.0 1.0 1.0 1.0 1.0 1.0 1.0 1.0 1.0 1.0 1.0 1.0 1.0 1.0 1.0 1.0 1.0 1.0 1.0 1.0 1.0 1.0 1.0 1.0 1.0 1.0 1.0 1.0 1.0 1.0 5000 5000 5000 5000 5000 5000 5000 5000 5000 5000
5000 5000 5000 5000 5000 5000 5000 5000 5000 5000 1.0 1.0 1.0 1.0 1.0 1.0 1.0 1.0 1.0 1.0 1.0 1.0 1.0 1.0 1.0 1.0 1.0 1.0 1.0 1.0 1.0 1.0 1.0 1.0 1.0 1.0 1.0 1.0 1.0 1.0 5000 5000 5000 5000 5000 5000 5000 5000 5000 5000
5000 5000 5000 5000 5000 5000 5000 5000 5000 5000 1.0 1.0 1.0 1.0 1.0 1.0 1.0 1.0 1.0 1.0 1.0 1.0 1.0 1.0 1.0 1.0 1.0 1.0 1.0 1.0 1.0 1.0 1.0 1.0 1.0 1.0 1.0 1.0 1.0 1.0 5000 5000 5000 5000 5000 5000 5000 5000 5000 5000
5000 5000 5000 5000 5000 5000 5000 5000 5000 5000 1.0 1.0 1.0 1.0 1.0 1.0 1.0 1.0 1.0 1.0 1.0 1.0 1.0 1.0 1.0 1.0 1.0 1.0 1.0 1.0 1.0 1.0 1.0 1.0 1.0 1.0 1.0 1.0 1.0 1.0 5000 5000 5000 5000 5000 5000 5000 5000 5000 5000
5000 5000 5000 5000 5000 5000 5000 5000 5000 5000 1.0 1.0 1.0 1.0 1.0 1.0 1.0 1.0 1.0 1.0 1.0 1.0 1.0 1.0 1.0 1.0 1.0 1.0 1.0 1.0 1.0 1.0 1.0 1.0 1.0 1.0 1.0 1.0 1.0 1.0 5000 5000 5000 5000 5000 5000 5000 5000 5000 5000
5000 5000 5000 5000 5000 5000 5000 5000 5000 5000 1.0 1.0 1.0 1.0 1.0 1.0 1.0 1.0 1.0 1.0 1.0 1.0 1.0 1.0 1.0 1.0 1.0 1.0 1.0 1.0 1.0 1.0 1.0 1.0 1.0 1.0 1.0 1.0 1.0 1.0 5000 5000 5000 5000 5000 5000 5000 5000 5000 5000
5000 5000 5000 5000 5000 5000 5000 5000 5000 5000 1.0 1.0 1.0 1.0 1.0 1.0 1.0 1.0 1.0 1.0 1.0 1.0 1.0 1.0 1.0 1.0 1.0 1.0 1.0 1.0 1.0 1.0 1.0 1.0 1.0 1.0 1.0 1.0 1.0 1.0 5000 5000 5000 5000 5000 5000 5000 5000 5000 5000
5000 5000 5000 5000 5000 5000 5000 5000 5000 5000 1.0 1.0 1.0 1.0 1.0 1.0 1.0 1.0 1.0 1.0 1.0 1.0 1.0 1.0 1.0 1.0 1.0 1.0 1.0 1.0 1.0 1.0 1.0 1.0 1.0 1.0 1.0 1.0 1.0 1.0 5000 5000 5000 5000 5000 5000 5000 5000 5000 5000
5000 5000 5000 5000 5000 5000 5000 5000 5000 5000 1.0 1.0 1.0 1.0 1.0 1.0 1.0 1.0 1.0 1.0 1.0 1.0 1.0 1.0 1.0 1.0 1.0 1.0 1.0 1.0 1.0 1.0 1.0 1.0 1.0 1.0 1.0 1.0 1.0 1.0 5000 5000 5000 5000 5000 5000 5000 5000 5000 5000
5000 5000 5000 5000 5000 5000 5000 5000 5000 5000 1.0 1.0 1.0 1.0 1.0 1.0 1.0 1.0 1.0 1.0 1.0 1.0 1.0 1.0 1.0 1.0 1.0 1.0 1.0 1.0 1.0 1.0 1.0 1.0 1.0 1.0 1.0 1.0 1.0 1.0 5000 5000 5000 5000 5000 5000 5000 5000 5000 5000
5000 5000 5000 5000 5000 5000 5000 5000 5000 5000 1.0 1.0 1.0 1.0 1.0 1.0 1.0 1.0 1.0 1.0 1.0 1.0 1.0 1.0 1.0 1.0 1.0 1.0 1.0 1.0 1.0 1.0 1.0 1.0 1.0 1.0 1.0 1.0 1.0 1.0 5000 5000 5000 5000 5000 5000 5000 5000 5000 5000
5000 5000 5000 5000 5000 5000 5000 5000 5000 5000 1.0 1.0 1.0 1.0 1.0 1.0 1.0 1.0 1.0 1.0 1.0 1.0 1.0 1.0 1.0 1.0 1.0 1.0 1.0 1.0 1.0 1.0 1.0 1.0 1.0 1.0 1.0 1.0 1.0 1.0 5000 5000 5000 5000 5000 5000 5000 5000 5000 5000
5000 5000 5000 5000 5000 5000 5000 5000 5000 5000 1.0 1.0 1.0 1.0 1.0 1.0 1.0 1.0 1.0 1.0 1.0 1.0 1.0 1.0 1.0 1.0 1.0 1.0 1.0 1.0 1.0 1.0 1.0 1.0 1.0 1.0 1.0 1.0 1.0 1.0 5000 5000 5000 5000 5000 5000 5000 5000 5000 5000
5000 5000 5000 5000 5000 5000 5000 5000 5000 5000 1.0 1.0 1.0 1.0 1.0 1.0 1.0 1.0 1.0 1.0 1.0 1.0 1.0 1.0 1.0 1.0 1.0 1.0 1.0 1.0 1.0 1.0 1.0 1.0 1.0 1.0 1.0 1.0 1.0 1.0 5000 5000 5000 5000 5000 5000 5000 5000 5000 5000
5000 5000 5000 5000 5000 5000 5000 5000 5000 5000 1.0 1.0 1.0 1.0 1.0 1.0 1.0 1.0 1.0 1.0 1.0 1.0 1.0 1.0 1.0 1.0 1.0 1.0 1.0 1.0 1.0 1.0 1.0 1.0 1.0 1.0 1.0 1.0 1.0 1.0 5000 5000 5000 5000 5000 5000 5000 5000 5000 5000
5000 5000 5000 5000 5000 5000 5000 5000 5000 5000 1.0 1.0 1.0 1.0 1.0 1.0 1.0 1.0 1.0 1.0 1.0 1.0 1.0 1.0 1.0 1.0 1.0 1.0 1.0 1.0 1.0 1.0 1.0 1.0 1.0 1.0 1.0 1.0 1.0 1.0 5000 5000 5000 5000 5000 5000 5000 5000 5000 5000
5000 5000 5000 5000 5000 5000 5000 5000 5000 5000 1.0 1.0 1.0 1.0 1.0 1.0 1.0 1.0 1.0 1.0 1.0 1.0 1.0 1.0 1.0 1.0 1.0 1.0 1.0 1.0 1.0 1.0 1.0 1.0 1.0 1.0 1.0 1.0 1.0 1.0 5000 5000 5000 5000 5000 5000 5000 5000 5000 5000
5000 5000 5000 5000 5000 5000 5000 5000 5000 5000 1.0 1.0 1.0 1.0 1.0 1.0 1.0 1.0 1.0 1.0 1.0 1.0 1.0 1.0 1.0 1.0 1.0 1.0 1.0 1.0 1.0 1.0 1.0 1.0 1.0 1.0 1.0 1.0 1.0 1.0 5000 5000 5000 5000 5000 5000 5000 5000 5000 5000
5000 5000 5000 5000 5000 5000 5000 5000 5000 5000 1.0 1.0 1.0 1.0 1.0 1.0 1.0 1.0 1.0 1.0 1.0 1.0 1.0 1.0 1.0 1.0 1.0 1.0 1.0 1.0 1.0 1.0 1.0 1.0 1.0 1.0 1.0 1.0 1.0 1.0 5000 5000 5000 5000 5000 5000 5000 5000 5000 5000
5000 5000 5000 5000 5000 5000 5000 5000 5000 5000 1.0 1.0 1.0 1.0 1.0 1.0 1.0 1.0 1.0 1.0 1.0 1.0 1.0 1.0 1.0 1.0 1.0 1.0 1.0 1.0 1.0 1.0 1.0 1.0 1.0 1.0 1.0 1.0 1.0 1.0 5000 5000 5000 5000 5000 5000 5000 5000 5000 5000
5000 5000 5000 5000 5000 5000 5000 5000 5000 5000 1.0 1.0 1.0 1.0 1.0 1.0 1.0 1.0 1.0 1.0 1.0 1.0 1.0 1.0 1.0 1.0 1.0 1.0 1.0 1.0 1.0 1.0 1.0 1.0 1.0 1.0 1.0 1.0 1.0 1.0 5000 5000 5000 5000 5000 5000 5000 5000 5000 5000
5000 5000 5000 5000 5000 5000 5000 5000 5000 5000 1.0 1.0 1.0 1.0 1.0 1.0 1.0 1.0 1.0 1.0 1.0 1.0 1.0 1.0 1.0 1.0 1.0 1.0 1.0 1.0 1.0 1.0 1.0 1.0 1.0 1.0 1.0 1.0 1.0 1.0 5000 5000 5000 5000 5000 5000 5000 5000 5000 5000
5000 5000 5000 5000 5000 5000 5000 5000 5000 5000 1.0 1.0 1.0 1.0 1.0 1.0 1.0 1.0 1.0 1.0 1.0 1.0 1.0 1.0 1.0 1.0 1.0 1.0 1.0 1.0 1.0 1.0 1.0 1.0 1.0 1.0 1.0 1.0 1.0 1.0 5000 5000 5000 5000 5000 5000 5000 5000 5000 5000
5000 5000 5000 5000 5000 5000 5000 5000 5000 5000 1.0 1.0 1.0 1.0 1.0 1.0 1.0 1.0 1.0 1.0 1.0 1.0 1.0 1.0 1.0 1.0 1.0 1.0 1.0 1.0 1.0 1.0 1.0 1.0 1.0 1.0 1.0 1.0 1.0 1.0 5000 5000 5000 5000 5000 5000 5000 5000 5000 5000
5000 5000 5000 5000 5000 5000 5000 5000 5000 5000 1.0 1.0 1.0 1.0 1.0 1.0 1.0 1.0 1.0 1.0 1.0 1.0 1.0 1.0 1.0 1.0 1.0 1.0 1.0 1.0 1.0 1.0 1.0 1.0 1.0 1.0 1.0 1.0 1.0 1.0 5000 5000 5000 5000 5000 5000 5000 5000 5000 5000
5000 5000 5000 5000 5000 5000 5000 5000 5000 5000 1.0 1.0 1.0 1.0 1.0 1.0 1.0 1.0 1.0 1.0 1.0 1.0 1.0 1.0 1.0 1.0 1.0 1.0 1.0 1.0 1.0 1.0 1.0 1.0 1.0 1.0 1.0 1.0 1.0 1.0 5000 5000 5000 5000 5000 5000 5000 5000 5000 5000
5000 5000 5000 5000 5000 5000 5000 5000 5000 5000 1.0 1.0 1.0 1.0 1.0 1.0 1.0 1.0 1.0 1.0 1.0 1.0 1.0 1.0 1.0 1.0 1.0 1.0 1.0 1.0 1.0 1.0 1.0 1.0 1.0 1.0 1.0 1.0 1.0 1.0 5000 5000 5000 5000 5000 5000 5000 5000 5000 5000
5000 5000 5000 5000 5000 5000 5000 5000 5000 5000 1.0 1.0 1.0 1.0 1.0 1.0 1.0 1.0 1.0 1.0 1.0 1.0 1.0 1.0 1.0 1.0 1.0 1.0 1.0 1.0 1.0 1.0 1.0 1.0 1.0 1.0 1.0 1.0 1.0 1.0 5000 5000 5000 5000 5000 5000 5000 5000 5000 5000
5000 5000 5000 5000 5000 5000 5000 5000 5000 5000 1.0 1.0 1.0 1.0 1.0 1.0 1.0 1.0 1.0 1.0 1.0 1.0 1.0 1.0 1.0 1.0 1.0 1.0 1.0 1.0 1.0 1.0 1.0 1.0 1.0 1.0 1.0 1.0 1.0 1.0 5000 5000 5000 5000 5000 5000 5000 5000 5000 5000
5000 5000 5000 5000 5000 5000 5000 5000 5000 5000 1.0 1.0 1.0 1.0 1.0 1.0 1.0 1.0 1.0 1.0 1.0 1.0 1.0 1.0 1.0 1.0 1.0 1.0 1.0 1.0 1.0 1.0 1.0 1.0 1.0 1.0 1.0 1.0 1.0 1.0 5000 5000 5000 5000 5000 5000 5000 5000 5000 5000
5000 5000 5000 5000 5000 5000 5000 5000 5000 5000 1.0 1.0 1.0 1.0 1.0 1.0 1.0 1.0 1.0 1.0 1.0 1.0 1.0 1.0 1.0 1.0 1.0 1.0 1.0 1.0 1.0 1.0 1.0 1.0 1.0 1.0 1.0 1.0 1.0 1.0 5000 5000 5000 5000 5000 5000 5000 5000 5000 5000
5000 5000 5000 5000 5000 5000 5000 5000 5000 5000 1.0 1.0 1.0 1.0 1.0 1.0 1.0 1.0 1.0 1.0 1.0 1.0 1.0 1.0 1.0 1.0 1.0 1.0 1.0 1.0 1.0 1.0 1.0 1.0 1.0 1.0 1.0 1.0 1.0 1.0 5000 5000 5000 5000 5000 5000 5000 5000 5000 5000
5000 5000 5000 5000 5000 5000 5000 5000 5000 5000 1.0 1.0 1.0 1.0 1.0 1.0 1.0 1.0 1.0 1.0 1.0 1.0 1.0 1.0 1.0 1.0 1.0 1.0 1.0 1.0 1.0 1.0 1.0 1.0 1.0 1.0 1.0 1.0 1.0 1.0 5000 5000 5000 5000 5000 5000 5000 5000 5000 5000
5000 5000 5000 5000 5000 5000 5000 5000 5000 5000 1.0 1.0 1.0 1.0 1.0 1.0 1.0 1.0 1.0 1.0 1.0 1.0 1.0 1.0 1.0 1.0 1.0 1.0 1.0 1.0 1.0 1.0 1.0 1.0 1.0 1.0 1.0 1.0 1.0 1.0 5000 5000 5000 5000 5000 5000 5000 5000 5000 5000
5000 5000 5000 5000 5000 5000 5000 5000 5000 5000 1.0 1.0 1.0 1.0 1.0 1.0 1.0 1.0 1.0 1.0 1.0 1.0 1.0 1.0 1.0 1.0 1.0 1.0 1.0 1.0 1.0 1.0 1.0 1.0 1.0 1.0 1.0 1.0 1.0 1.0 5000 5000 5000 5000 5000 5000 5000 5000 5000 5000
5000 5000 5000 5000 5000 5000 5000 5000 5000 5000 1.0 1.0 1.0 1.0 1.0 1.0 1.0 1.0 1.0 1.0 1.0 1.0 1.0 1.0 1.0 1.0 1.0 1.0 1.0 1.0 1.0 1.0 1.0 1.0 1.0 1.0 1.0 1.0 1.0 1.0 5000 5000 5000 5000 5000 5000 5000 5000 5000 5000
5000 5000 5000 5000 5000 5000 5000 5000 5000 5000 1.0 1.0 1.0 1.0 1.0 1.0 1.0 1.0 1.0 1.0 1.0 1.0 1.0 1.0 1.0 1.0 1.0 1.0 1.0 1.0 1.0 1.0 1.0 1.0 1.0 1.0 1.0 1.0 1.0 1.0 5000 5000 5000 5000 5000 5000 5000 5000 5000 5000
5000 5000 5000 5000 5000 5000 5000 5000 5000 5000 1.0 1.0 1.0 1.0 1.0 1.0 1.0 1.0 1.0 1.0 1.0 1.0 1.0 1.0 1.0 1.0 1.0 1.0 1.0 1.0 1.0 1.0 1.0 1.0 1.0 1.0 1.0 1.0 1.0 1.0 5000 5000 5000 5000 5000 5000 5000 5000 5000 5000
5000 5000 5000 5000 5000 5000 5000 5000 5000 5000 1.0 1.0 1.0 1.0 1.0 1.0 1.0 1.0 1.0 1.0 1.0 1.0 1.0 1.0 1.0 1.0 1.0 1.0 1.0 1.0 1.0 1.0 1.0 1.0 1.0 1.0 1.0 1.0 1.0 1.0 5000 5000 5000 5000 5000 5000 5000 5000 5000 5000
5000 5000 5000 5000 5000 5000 5000 5000 5000 5000 1.0 1.0 1.0 1.0 1.0 1.0 1.0 1.0 1.0 1.0 1.0 1.0 1.0 1.0 1.0 1.0 1.0 1.0 1.0 1.0 1.0 1.0 1.0 1.0 1.0 1.0 1.0 1.0 1.0 1.0 5000 5000 5000 5000 5000 5000 5000 5000 5000 5000
5000 5000 5000 5000 5000 5000 5000 5000 5000 5000 1.0 1.0 1.0 1.0 1.0 1.0 1.0 1.0 1.0 1.0 1.0 1.0 1.0 1.0 1.0 1.0 1.0 1.0 1.0 1.0 1.0 1.0 1.0 1.0 1.0 1.0 1.0 1.0 1.0 1.0 5000 5000 5000 5000 5000 5000 5000 5000 5000 5000
5000 5000 5000 5000 5000 5000 5000 5000 5000 5000 1.0 1.0 1.0 1.0 1.0 1.0 1.0 1.0 1.0 1.0 1.0 1.0 1.0 1.0 1.0 1.0 1.0 1.0 1.0 1.0 1.0 1.0 1.0 1.0 1.0 1.0 1.0 1.0 1.0 1.0 5000 5000 5000 5000 5000 5000 5000 5000 5000 5000
5000 5000 5000 5000 5000 5000 5000 5000 5000 5000 1.0 1.0 1.0 1.0 1.0 1.0 1.0 1.0 1.0 1.0 1.0 1.0 1.0 1.0 1.0 1.0 1.0 1.0 1.0 1.0 1.0 1.0 1.0 1.0 1.0 1.0 1.0 1.0 1.0 1.0 5000 5000 5000 5000 5000 5000 5000 5000 5000 5000
5000 5000 5000 5000 5000 5000 5000 5000 5000 5000 1.0 1.0 1.0 1.0 1.0 1.0 1.0 1.0 1.0 1.0 1.0 1.0 1.0 1.0 1.0 1.0 1.0 1.0 1.0 1.0 1.0 1.0 1.0 1.0 1.0 1.0 1.0 1.0 1.0 1.0 5000 5000 5000 5000 5000 5000 5000 5000 5000 5000
5000 5000 5000 5000 5000 5000 5000 5000 5000 5000 1.0 1.0 1.0 1.0 1.0 1.0 1.0 1.0 1.0 1.0 1.0 1.0 1.0 1.0 1.0 1.0 1.0 1.0 1.0 1.0 1.0 1.0 1.0 1.0 1.0 1.0 1.0 1.0 1.0 1.0 5000 5000 5000 5000 5000 5000 5000 5000 5000 5000
5000 5000 5000 5000 5000 5000 5000 5000 5000 5000 1.0 1.0 1.0 1.0 1.0 1.0 1.0 1.0 1.0 1.0 1.0 1.0 1.0 1.0 1.0 1.0 1.0 1.0 1.0 1.0 1.0 1.0 1.0 1.0 1.0 1.0 1.0 1.0 1.0 1.0 5000 5000 5000 5000 5000 5000 5000 5000 5000 5000
5000 5000 5000 5000 5000 5000 5000 5000 5000 5000 1.0 1.0 1.0 1.0 1.0 1.0 1.0 1.0 1.0 1.0 1.0 1.0 1.0 1.0 1.0 1.0 1.0 1.0 1.0 1.0 1.0 1.0 1.0 1.0 1.0 1.0 1.0 1.0 1.0 1.0 5000 5000 5000 5000 5000 5000 5000 5000 5000 5000
5000 5000 5000 5000 5000 5000 5000 5000 5000 5000 1.0 1.0 1.0 1.0 1.0 1.0 1.0 1.0 1.0 1.0 1.0 1.0 1.0 1.0 1.0 1.0 1.0 1.0 1.0 1.0 1.0 1.0 1.0 1.0 1.0 1.0 1.0 1.0 1.0 1.0 5000 5000 5000 5000 5000 5000 5000 5000 5000 5000
5000 5000 5000 5000 5000 5000 5000 5000 5000 5000 1.0 1.0 1.0 1.0 1.0 1.0 1.0 1.0 1.0 1.0 1.0 1.0 1.0 1.0 1.0 1.0 1.0 1.0 1.0 1.0 1.0 1.0 1.0 1.0 1.0 1.0 1.0 1.0 1.0 1.0 5000 5000 5000 5000 5000 5000 5000 5000 5000 5000
5000 5000 5000 5000 5000 5000 5000 5000 5000 5000 1.0 1.0 1.0 1.0 1.0 1.0 1.0 1.0 1.0 1.0 1.0 1.0 1.0 1.0 1.0 1.0 1.0 1.0 1.0 1.0 1.0 1.0 1.0 1.0 1.0 1.0 1.0 1.0 1.0 1.0 5000 5000 5000 5000 5000 5000 5000 5000 5000 5000
5000 5000 5000 5000 5000 5000 5000 5000 5000 5000 1.0 1.0 1.0 1.0 1.0 1.0 1.0 1.0 1.0 1.0 1.0 1.0 1.0 1.0 1.0 1.0 1.0 1.0 1.0 1.0 1.0 1.0 1.0 1.0 1.0 1.0 1.0 1.0 1.0 1.0 5000 5000 5000 5000 5000 5000 5000 5000 5000 5000
5000 5000 5000 5000 5000 5000 5000 5000 5000 5000 1.0 1.0 1.0 1.0 1.0 1.0 1.0 1.0 1.0 1.0 1.0 1.0 1.0 1.0 1.0 1.0 1.0 1.0 1.0 1.0 1.0 1.0 1.0 1.0 1.0 1.0 1.0 1.0 1.0 1.0 5000 5000 5000 5000 5000 5000 5000 5000 5000 5000
5000 5000 5000 5000 5000 5000 5000 5000 5000 5000 1.0 1.0 1.0 1.0 1.0 1.0 1.0 1.0 1.0 1.0 1.0 1.0 1.0 1.0 1.0 1.0 1.0 1.0 1.0 1.0 1.0 1.0 1.0 1.0 1.0 1.0 1.0 1.0 1.0 1.0 5000 5000 5000 5000 5000 5000 5000 5000 5000 5000
5000 5000 5000 5000 5000 5000 5000 5000 5000 5000 1.0 1.0 1.0 1.0 1.0 1.0 1.0 1.0 1.0 1.0 1.0 1.0 1.0 1.0 1.0 1.0 1.0 1.0 1.0 1.0 1.0 1.0 1.0 1.0 1.0 1.0 1.0 1.0 1.0 1.0 5000 5000 5000 5000 5000 5000 5000 5000 5000 5000
5000 5000 5000 5000 5000 5000 5000 5000 5000 5000 1.0 1.0 1.0 1.0 1.0 1.0 1.0 1.0 1.0 1.0 1.0 1.0 1.0 1.0 1.0 1.0 1.0 1.0 1.0 1.0 1.0 1.0 1.0 1.0 1.0 1.0 1.0 1.0 1.0 1.0 5000 5000 5000 5000 5000 5000 5000 5000 5000 5000
5000 5000 5000 5000 5000 5000 5000 5000 5000 5000 1.0 1.0 1.0 1.0 1.0 1.0 1.0 1.0 1.0 1.0 1.0 1.0 1.0 1.0 1.0 1.0 1.0 1.0 1.0 1.0 1.0 1.0 1.0 1.0 1.0 1.0 1.0 1.0 1.0 1.0 5000 5000 5000 5000 5000 5000 5000 5000 5000 5000
5000 5000 5000 5000 5000 5000 5000 5000 5000 5000 1.0 1.0 1.0 1.0 1.0 1.0 1.0 1.0 1.0 1.0 1.0 1.0 1.0 1.0 1.0 1.0 1.0 1.0 1.0 1.0 1.0 1.0 1.0 1.0 1.0 1.0 1.0 1.0 1.0 1.0 5000 5000 5000 5000 5000 5000 5000 5000 5000 5000
5000 5000 5000 5000 5000 5000 5000 5000 5000 5000 1.0 1.0 1.0 1.0 1.0 1.0 1.0 1.0 1.0 1.0 1.0 1.0 1.0 1.0 1.0 1.0 1.0 1.0 1.0 1.0 1.0 1.0 1.0 1.0 1.0 1.0 1.0 1.0 1.0 1.0 5000 5000 5000 5000 5000 5000 5000 5000 5000 5000
5000 5000 5000 5000 5000 5000 5000 5000 5000 5000 1.0 1.0 1.0 1.0 1.0 1.0 1.0 1.0 1.0 1.0 1.0 1.0 1.0 1.0 1.0 1.0 1.0 1.0 1.0 1.0 1.0 1.0 1.0 1.0 1.0 1.0 1.0 1.0 1.0 1.0 5000 5000 5000 5000 5000 5000 5000 5000 5000 5000
5000 5000 5000 5000 5000 5000 5000 5000 5000 5000 1.0 1.0 1.0 1.0 1.0 1.0 1.0 1.0 1.0 1.0 1.0 1.0 1.0 1.0 1.0 1.0 1.0 1.0 1.0 1.0 1.0 1.0 1.0 1.0 1.0 1.0 1.0 1.0 1.0 1.0 5000 5000 5000 5000 5000 5000 5000 5000 5000 5000
5000 5000 5000 5000 5000 5000 5000 5000 5000 5000 1.0 1.0 1.0 1.0 1.0 1.0 1.0 1.0 1.0 1.0 1.0 1.0 1.0 1.0 1.0 1.0 1.0 1.0 1.0 1.0 1.0 1.0 1.0 1.0 1.0 1.0 1.0 1.0 1.0 1.0 5000 5000 5000 5000 5000 5000 5000 5000 5000 5000
5000 5000 5000 5000 5000 5000 5000 5000 5000 5000 1.0 1.0 1.0 1.0 1.0 1.0 1.0 1.0 1.0 1.0 1.0 1.0 1.0 1.0 1.0 1.0 1.0 1.0 1.0 1.0 1.0 1.0 1.0 1.0 1.0 1.0 1.0 1.0 1.0 1.0 5000 5000 5000 5000 5000 5000 5000 5000 5000 5000
5000 5000 5000 5000 5000 5000 5000 5000 5000 5000 1.0 1.0 1.0 1.0 1.0 1.0 1.0 1.0 1.0 1.0 1.0 1.0 1.0 1.0 1.0 1.0 1.0 1.0 1.0 1.0 1.0 1.0 1.0 1.0 1.0 1.0 1.0 1.0 1.0 1.0 5000 5000 5000 5000 5000 5000 5000 5000 5000 5000
5000 5000 5000 5000 5000 5000 5000 5000 5000 5000 1.0 1.0 1.0 1.0 1.0 1.0 1.0 1.0 1.0 1.0 1.0 1.0 1.0 1.0 1.0 1.0 1.0 1.0 1.0 1.0 1.0 1.0 1.0 1.0 1.0 1.0 1.0 1.0 1.0 1.0 5000 5000 5000 5000 5000 5000 5000 5000 5000 5000
5000 5000 5000 5000 5000 5000 5000 5000 5000 5000 1.0 1.0 1.0 1.0 1.0 1.0 1.0 1.0 1.0 1.0 1.0 1.0 1.0 1.0 1.0 1.0 1.0 1.0 1.0 1.0 1.0 1.0 1.0 1.0 1.0 1.0 1.0 1.0 1.0 1.0 5000 5000 5000 5000 5000 5000 5000 5000 5000 5000
5000 5000 5000 5000 5000 5000 5000 5000 5000 5000 1.0 1.0 1.0 1.0 1.0 1.0 1.0 1.0 1.0 1.0 1.0 1.0 1.0 1.0 1.0 1.0 1.0 1.0 1.0 1.0 1.0 1.0 1.0 1.0 1.0 1.0 1.0 1.0 1.0 1.0 5000 5000 5000 5000 5000 5000 5000 5000 5000 5000
5000 5000 5000 5000 5000 5000 5000 5000 5000 5000 1.0 1.0 1.0 1.0 1.0 1.0 1.0 1.0 1.0 1.0 1.0 1.0 1.0 1.0 1.0 1.0 1.0 1.0 1.0 1.0 1.0 1.0 1.0 1.0 1.0 1.0 1.0 1.0 1.0 1.0 5000 5000 5000 5000 5000 5000 5000 5000 5000 5000
5000 5000 5000 5000 5000 5000 5000 5000 5000 5000 1.0 1.0 1.0 1.0 1.0 1.0 1.0 1.0 1.0 1.0 1.0 1.0 1.0 1.0 1.0 1.0 1.0 1.0 1.0 1.0 1.0 1.0 1.0 1.0 1.0 1.0 1.0 1.0 1.0 1.0 5000 5000 5000 5000 5000 5000 5000 5000 5000 5000
5000 5000 5000 5000 5000 5000 5000 5000 5000 5000 1.0 1.0 1.0 1.0 1.0 1.0 1.0 1.0 1.0 1.0 1.0 1.0 1.0 1.0 1.0 1.0 1.0 1.0 1.0 1.0 1.0 1.0 1.0 1.0 1.0 1.0 1.0 1.0 1.0 1.0 5000 5000 5000 5000 5000 5000 5000 5000 5000 5000
5000 5000 5000 5000 5000 5000 5000 5000 5000 5000 1.0 1.0 1.0 1.0 1.0 1.0 1.0 1.0 1.0 1.0 1.0 1.0 1.0 1.0 1.0 1.0 1.0 1.0 1.0 1.0 1.0 1.0 1.0 1.0 1.0 1.0 1.0 1.0 1.0 1.0 5000 5000 5000 5000 5000 5000 5000 5000 5000 5000
5000 5000 5000 5000 5000 5000 5000 5000 5000 5000 1.0 1.0 1.0 1.0 1.0 1.0 1.0 1.0 1.0 1.0 1.0 1.0 1.0 1.0 1.0 1.0 1.0 1.0 1.0 1.0 1.0 1.0 1.0 1.0 1.0 1.0 1.0 1.0 1.0 1.0 5000 5000 5000 5000 5000 5000 5000 5000 5000 5000
5000 5000 5000 5000 5000 5000 5000 5000 5000 5000 1.0 1.0 1.0 1.0 1.0 1.0 1.0 1.0 1.0 1.0 1.0 1.0 1.0 1.0 1.0 1.0 1.0 1.0 1.0 1.0 1.0 1.0 1.0 1.0 1.0 1.0 1.0 1.0 1.0 1.0 5000 5000 5000 5000 5000 5000 5000 5000 5000 5000
5000 5000 5000 5000 5000 5000 5000 5000 5000 5000 1.0 1.0 1.0 1.0 1.0 1.0 1.0 1.0 1.0 1.0 1.0 1.0 1.0 1.0 1.0 1.0 1.0 1.0 1.0 1.0 1.0 1.0 1.0 1.0 1.0 1.0 1.0 1.0 1.0 1.0 5000 5000 5000 5000 5000 5000 5000 5000 5000 5000
