245.51666018316953 75.99395041721462 0.27507638931274414
263.4749674494049 81.17929225223659 0.2810978702049482
274.6457600290558 86.40672390716671 0.43768482599090786
301.03252169440003 93.650988986665 0.26794003642382225
466.39623877356263 164.53686421173214 0.40497204832359784
524.2307209665557 183.37538903015255 0.31489356391690554
564.0913033182403 194.37058632629513 0.26914824938190657
595.601704090335 200.8186406399548 0.20184596057351398
621.9717526132843 205.51251833694576 0.1761553642904921
657.9571842844268 203.84668772476314 -0.04625878146559988
680.9810280496856 194.1710895802319 -0.3978341287981172
702.7492165262481 160.7218546177685 -0.9938709687686685
714.4379257852813 138.13299362915157 -1.0932827695633338
719.2012905771514 114.03612320678829 -1.3756367038806048
713.6797547037384 84.13887446182369 -1.7534222867036362
695.5765843088409 56.04665403621792 -2.1432384088875454
662.2425675089141 35.749452150376136 -2.594652117212368
618.2769798929473 34.97838297294974 -3.124056435421171
578.4533524210235 38.17038865196108 3.0616100821580456
528.6459946329376 48.663820078545804 2.933948937569336
501.1657261545441 57.970709850960965 2.8150420063358754
445.2299141580841 71.54756610649227 2.903475446321758
403.41744658301087 84.39335947292446 2.8435215874589814
367.4804711038849 97.83482973831295 2.7836735605994813
328.3951782877228 113.8279897476971 2.753192361750433
287.3476290399811 129.87453763740658 2.7689332162445335
274.6084475214264 139.57566445129513 2.490760150808786
215.71064230749815 164.4342970158398 2.7422116046561817
173.43503472159117 192.42738049286007 2.556718727470481
135.5485105211517 202.22641985672115 2.8884972010420396
74.70027920553892 194.454051902467 -3.01454695639712
50.5257200891754 168.57380097168087 -2.322131189338153
34.81248137304992 143.7853974606335 -2.1357663089229995
29.975349872805772 115.05128567474483 -1.737573722472977
41.30435106108398 83.48493402259945 -1.226219441650028
66.29288908789366 57.64365767496228 -0.8021729312183127
116.13350149939268 46.680124601298566 -0.21652348033688737
144.78549000570982 49.25209557073712 0.08952593073156138
179.9074077303192 61.007399609261746 0.32298000298462876
223.32060572455137 76.08286266582607 0.3342275620892903
