2.455166601831695345e+02 7.599395041721462007e+01 2.750763893127441406e-01
2.634749674494049145e+02 8.117929225223659273e+01 3.136733472347259521e-01
2.746457600290557934e+02 8.640672390716670748e+01 3.191110193729400635e-01
3.010325216944000317e+02 9.365098898666499849e+01 3.451119959354400635e-01
4.663962387735626294e+02 1.645368642117321372e+02 2.946545779705047607e-01
5.242307209665557366e+02 1.833753890301525473e+02 2.603681683540344238e-01
5.640913033182403069e+02 1.943705863262951254e+02 2.311772257089614868e-01
5.956017040903350335e+02 2.008186406399547934e+02 1.825821548700332642e-01
6.219717526132842522e+02 2.055125183369457602e+02 1.295605599880218506e-01
6.579571842844268303e+02 2.038466877247631430e+02 -2.188976556062698364e-01
6.809810280496856194e+02 1.941710895802318930e+02 -5.660392045974731445e-01
7.027492165262481194e+02 1.607218546177685141e+02 -8.531686663627624512e-01
7.144379257852813225e+02 1.381329936291515708e+02 -1.181948184967041016e+00
7.192012905771514397e+02 1.140361232067882895e+02 -1.513148903846740723e+00
7.136797547037383538e+02 8.413887446182368990e+01 -1.894588708877563477e+00
6.955765843088408928e+02 5.604665403621792308e+01 -2.334924459457397461e+00
6.622425675089141350e+02 3.574945215037613622e+01 -2.832185745239257812e+00
6.182769798929473382e+02 3.497838297294973842e+01 3.106444597244262695e+00
5.784533524210235100e+02 3.817038865196108333e+01 3.012411117553710938e+00
5.286459946329375725e+02 4.866382007854580394e+01 2.916035175323486328e+00
5.011657261545440747e+02 5.797070985096096507e+01 2.934228658676147461e+00
4.452299141580841138e+02 7.154756610649226900e+01 2.869164228439331055e+00
4.034174465830108716e+02 8.439335947292445894e+01 2.813718795776367188e+00
3.674804711038848950e+02 9.783482973831294771e+01 2.786599397659301758e+00
3.283951782877227856e+02 1.138279897476971030e+02 2.743980169296264648e+00
2.873476290399810864e+02 1.298745376374065756e+02 2.789842367172241211e+00
2.746084475214263989e+02 1.395756644512951254e+02 2.761703252792358398e+00
2.157106423074981478e+02 1.644342970158398032e+02 2.816467761993408203e+00
1.734350347215911654e+02 1.924273804928600669e+02 3.177609539031982511e+00
1.355485105211517123e+02 2.022264198567211508e+02 3.415800189971923917e+00
7.470027920553891931e+01 1.944540519024670004e+02 -2.655240678787231356e+00
5.052572008917540103e+01 1.685738009716808676e+02 -2.089903259277343661e+00
3.481248137304991985e+01 1.437853974606335044e+02 -1.650050067901611239e+00
2.997534987280577212e+01 1.150512856747448325e+02 -1.533263087272644043e+00
4.130435106108397747e+01 8.348493402259944673e+01 -1.026319146156311035e+00
6.629288908789365564e+01 5.764365767496227733e+01 -6.698191165924072266e-01
1.161335014993926791e+02 4.668012460129856578e+01 -1.907747238874435425e-01
1.447854900057098178e+02 4.925209557073711863e+01 2.583225369453430176e-01
1.799074077303191928e+02 6.100739960926174632e+01 3.397341966629028320e-01
2.233206057245513705e+02 7.608286266582607027e+01 3.498422205448150635e-01
