2.305166601831695417e+01 7.599395041721463073e+00 2.750763893127441406e-01
2.484749674494048932e+01 8.117929225223660339e+00 3.136733472347259521e-01
2.596457600290557721e+01 8.640672390716671813e+00 3.191110193729400635e-01
2.860325216944000104e+01 9.365098898666500915e+00 3.451119959354400635e-01
4.513962387735625725e+01 1.495368642117321478e+01 2.946545779705047607e-01
5.092307209665557366e+01 1.683753890301525757e+01 2.603681683540344238e-01
5.490913033182403069e+01 1.793705863262951539e+01 2.311772257089614868e-01
5.806017040903350335e+01 1.858186406399548218e+01 1.825821548700332642e-01
6.069717526132842522e+01 1.905125183369457886e+01 1.295605599880218506e-01
6.329571842844268303e+01 1.888466877247631714e+01 -2.188976556062698364e-01
6.559810280496856194e+01 1.791710895802319214e+01 -5.660392045974731445e-01
6.777492165262481194e+01 1.607218546177685425e+01 -8.531686663627624512e-01
6.894379257852813225e+01 1.381329936291515814e+01 -1.181948184967041016e+00
6.942012905771514397e+01 1.140361232067883002e+01 -1.513148903846740723e+00
6.886797547037383538e+01 8.413887446182370056e+00 -1.894588708877563477e+00
6.705765843088408928e+01 5.604665403621792663e+00 -2.334924459457397461e+00
6.372425675089141350e+01 3.574945215037613977e+00 -2.832185745239257812e+00
6.032769798929473382e+01 3.497838297294974197e+00 3.106444597244262695e+00
5.634533524210235100e+01 3.817038865196108688e+00 3.012411117553710938e+00
5.136459946329375725e+01 4.866382007854580749e+00 2.916035175323486328e+00
4.861657261545440178e+01 5.797070985096096862e+00 2.934228658676147461e+00
4.302299141580840569e+01 7.154756610649227966e+00 2.869164228439331055e+00
3.884174465830108147e+01 8.439335947292446960e+00 2.813718795776367188e+00
3.524804711038848382e+01 9.783482973831295837e+00 2.786599397659301758e+00
3.133951782877227643e+01 1.138279897476971136e+01 2.743980169296264648e+00
2.723476290399810651e+01 1.298745376374065863e+01 2.789842367172241211e+00
2.596084475214263776e+01 1.395756644512951361e+01 2.761703252792358398e+00
2.007106423074981549e+01 1.614342970158398316e+01 2.816467761993408203e+00
1.584350347215911725e+01 1.764273804928600953e+01 2.827609539031982422e+00
1.205485105211517194e+01 1.862264198567211793e+01 3.065800189971923828e+00
7.970027920553892642e+00 1.844540519024670289e+01 -3.005240678787231445e+00
5.552572008917540103e+00 1.685738009716808961e+01 -2.439903259277343750e+00
3.981248137304991275e+00 1.437853974606335150e+01 -2.000050067901611328e+00
3.497534987280577212e+00 1.150512856747448431e+01 -1.533263087272644043e+00
4.630435106108397036e+00 8.348493402259945739e+00 -1.026319146156311035e+00
7.129288908789366275e+00 5.764365767496228088e+00 -6.698191165924072266e-01
1.011335014993926862e+01 4.668012460129856933e+00 -1.907747238874435425e-01
1.297854900057098249e+01 4.925209557073712219e+00 2.583225369453430176e-01
1.649074077303191999e+01 6.100739960926174987e+00 3.397341966629028320e-01
2.083206057245513776e+01 7.608286266582608093e+00 3.498422205448150635e-01
