2.305166601831695345e+02 7.599395041721462007e+01 2.750763893127441406e-01
2.484749674494048861e+02 8.117929225223659273e+01 3.136733472347259521e-01
2.596457600290557934e+02 8.640672390716670748e+01 3.191110193729400635e-01
2.860325216944000317e+02 9.365098898666499849e+01 3.451119959354400635e-01
4.513962387735626294e+02 1.495368642117321372e+02 2.946545779705047607e-01
5.092307209665557934e+02 1.683753890301525473e+02 2.603681683540344238e-01
5.490913033182403069e+02 1.793705863262951254e+02 2.311772257089614868e-01
5.806017040903350335e+02 1.858186406399547934e+02 1.825821548700332642e-01
6.069717526132842522e+02 1.905125183369457602e+02 1.295605599880218506e-01
6.329571842844268303e+02 1.888466877247631430e+02 -2.188976556062698364e-01
6.559810280496856194e+02 1.791710895802318930e+02 -5.660392045974731445e-01
6.777492165262481194e+02 1.607218546177685141e+02 -8.531686663627624512e-01
6.894379257852813225e+02 1.381329936291515708e+02 -1.181948184967041016e+00
6.942012905771514397e+02 1.140361232067882895e+02 -1.513148903846740723e+00
6.886797547037383538e+02 8.413887446182368990e+01 -1.894588708877563477e+00
6.705765843088408928e+02 5.604665403621792308e+01 -2.334924459457397461e+00
6.372425675089141350e+02 3.574945215037613622e+01 -2.832185745239257812e+00
6.032769798929473382e+02 3.497838297294973842e+01 3.106444597244262695e+00
5.634533524210235100e+02 3.817038865196108333e+01 3.012411117553710938e+00
5.136459946329375725e+02 4.866382007854580394e+01 2.916035175323486328e+00
4.861657261545440747e+02 5.797070985096096507e+01 2.934228658676147461e+00
4.302299141580841138e+02 7.154756610649226900e+01 2.869164228439331055e+00
3.884174465830108716e+02 8.439335947292445894e+01 2.813718795776367188e+00
3.524804711038848950e+02 9.783482973831294771e+01 2.786599397659301758e+00
3.133951782877227856e+02 1.138279897476971030e+02 2.743980169296264648e+00
2.723476290399810864e+02 1.298745376374065756e+02 2.789842367172241211e+00
2.596084475214263989e+02 1.395756644512951254e+02 2.761703252792358398e+00
2.007106423074981478e+02 1.614342970158398032e+02 2.816467761993408203e+00
1.584350347215911654e+02 1.764273804928600669e+02 2.827609539031982422e+00
1.205485105211517123e+02 1.862264198567211508e+02 3.065800189971923828e+00
7.970027920553891931e+01 1.844540519024670004e+02 -3.005240678787231445e+00
5.552572008917540103e+01 1.685738009716808676e+02 -2.439903259277343750e+00
3.981248137304991275e+01 1.437853974606335044e+02 -2.000050067901611328e+00
3.497534987280577212e+01 1.150512856747448325e+02 -1.533263087272644043e+00
4.630435106108397036e+01 8.348493402259944673e+01 -1.026319146156311035e+00
7.129288908789365564e+01 5.764365767496227733e+01 -6.698191165924072266e-01
1.011335014993926791e+02 4.668012460129856578e+01 -1.907747238874435425e-01
1.297854900057098178e+02 4.925209557073711863e+01 2.583225369453430176e-01
1.649074077303191928e+02 6.100739960926174632e+01 3.397341966629028320e-01
2.083206057245513705e+02 7.608286266582607027e+01 3.498422205448150635e-01
