2.210070247555533740e+01 7.879361646543606490e+00 3.263593316078186035e-01
2.489132757092276904e+01 8.720191555391416216e+00 2.579815983772277832e-01
2.786824340725699756e+01 9.528457956682309771e+00 2.580957114696502686e-01
3.091389770413199756e+01 1.035909696138964620e+01 2.810855805873870850e-01
3.378523225689689014e+01 1.110295398748980489e+01 2.224994450807571411e-01
3.684163923168937060e+01 1.168930633581744161e+01 1.978004574775695801e-01
4.107690448666373584e+01 1.270460470236407247e+01 2.373976707458496094e-01
4.407564754391471240e+01 1.354507728136645284e+01 2.954465150833129883e-01
4.688139076138297412e+01 1.447142644442187276e+01 3.340628743171691895e-01
4.977530593777457568e+01 1.554409070528613057e+01 3.683525323867797852e-01
4.947252387905875537e+01 1.570144219912157979e+01 4.309030175209045410e-01
5.207103366757193896e+01 1.700584097422228780e+01 3.802708089351654053e-01
5.496663207913199756e+01 1.799877806223498311e+01 2.900269925594329834e-01
5.784309501553336474e+01 1.881809754885302510e+01 2.028174251317977905e-01
6.054618949795523974e+01 1.902104659594164815e+01 -3.688112366944551468e-03
6.237705345059195849e+01 1.885151787317858663e+01 -2.549940347671508789e-01
6.564729328060904834e+01 1.843831940210925069e+01 -4.497530758380889893e-01
6.751406307125846240e+01 1.711986227549181905e+01 -7.833473086357116699e-01
6.877121086025992724e+01 1.553507013834582295e+01 -1.053583741188049316e+00
6.958867664242545459e+01 1.359806938685046163e+01 -1.273761153221130371e+00
6.985180969143668506e+01 1.168111069716082540e+01 -1.574484825134277344e+00
6.974103088284293506e+01 9.848489599596128130e+00 -1.733756184577941895e+00
6.925912017727652881e+01 8.361446099649533892e+00 -1.996868491172790527e+00
6.807214374447623584e+01 6.525343792806729049e+00 -2.239846944808959961e+00
6.649567241574088428e+01 5.015585111747845382e+00 -2.531091928482055664e+00
6.397808189297477099e+01 3.803784834514721602e+00 -2.848841667175292969e+00
6.142284507656852099e+01 3.499976197551354140e+00 3.137904644012451172e+00
5.828822727108756396e+01 3.635399403344258040e+00 3.051304817199707031e+00
5.494577999020377490e+01 4.025749253402813643e+00 2.997045278549194336e+00
5.126949424649039599e+01 4.549820708404644698e+00 3.022296905517578125e+00
4.789373512173453662e+01 4.956669198642834395e+00 3.025158643722534180e+00
4.682354087734977099e+01 6.104521291624172896e+00 2.969859838485717773e+00
4.355548496151725146e+01 6.797954278360470504e+00 2.846335887908935547e+00
4.059312457943717334e+01 7.827993767629727095e+00 2.764588594436645508e+00
3.734460468197623584e+01 9.028010802637204790e+00 2.839583635330200195e+00
3.284583444500724170e+01 1.030580862082110372e+01 2.812644720077514648e+00
2.920570964718619678e+01 1.161408706225024190e+01 2.798718929290771484e+00
2.570004339123526904e+01 1.370498343027697530e+01 2.784260988235473633e+00
2.256536836529532764e+01 1.475936456240282979e+01 2.814818143844604492e+00
1.922082300091544482e+01 1.598771138704882588e+01 2.794276714324951172e+00
1.593831772709647687e+01 1.708046122110949483e+01 2.827534675598144531e+00
1.290680880451957258e+01 1.779865308321581807e+01 2.984068393707275391e+00
1.068283672238151105e+01 1.787045522249804463e+01 3.137936115264892578e+00
7.920974444396891911e+00 1.799083633936511006e+01 -2.799843788146972656e+00
6.297103713996806462e+00 1.714585824526415792e+01 -2.502973556518554688e+00
4.902049254424968083e+00 1.577532334841357198e+01 -2.234192609786987305e+00
3.879782508857645862e+00 1.400117798365221944e+01 -1.909896969795227051e+00
3.499979924209513538e+00 1.193581147707568135e+01 -1.574183344841003418e+00
3.662489604003825061e+00 9.986989336382016802e+00 -1.349726915359497070e+00
4.588621210105815251e+00 8.020753698717221880e+00 -1.136008977890014648e+00
5.824699949272075017e+00 6.064848738084896773e+00 -8.425825834274291992e-01
7.230708550460734685e+00 4.842529880176647872e+00 -5.725831389427185059e-01
8.960242222793498357e+00 4.059388475786312789e+00 -2.766463458538055420e-01
1.115176434422294172e+01 3.847299875985249251e+00 -3.656591754406690598e-03
1.345581407452384504e+01 4.232994603286846846e+00 2.574136257171630859e-01
1.685737843418876025e+01 5.675064163576229781e+00 3.369854092597961426e-01
2.009459133053580615e+01 6.781285839449032515e+00 3.296191692352294922e-01
