2.310069673961520209e+01 8.879354845843995037e+00 3.263593316078186035e-01
2.589132183498263373e+01 9.720184754691803874e+00 2.579815983772277832e-01
2.886823767131686225e+01 1.052845115598269743e+01 2.580957114696502686e-01
3.191389196819186225e+01 1.135909016069003385e+01 2.810855805873870850e-01
3.478522652095675483e+01 1.210294718679019255e+01 2.224994450807571411e-01
3.784163349574923529e+01 1.268929953511782927e+01 1.978004574775695801e-01
4.207689875072360053e+01 1.370459790166446012e+01 2.373976707458496094e-01
4.507564180797457709e+01 1.454507048066684050e+01 2.954465150833129883e-01
4.788138502544283881e+01 1.547141964372226042e+01 3.340628743171691895e-01
5.077530020183444037e+01 1.654408390458651823e+01 3.683525323867797852e-01
5.047251814311862006e+01 1.670143539842196745e+01 4.309030175209045410e-01
5.307102793163180365e+01 1.800583417352267546e+01 3.802708089351654053e-01
5.596662634319186225e+01 1.899877126153537077e+01 2.900269925594329834e-01
5.884308927959322943e+01 1.981809074815341276e+01 2.028174251317977905e-01
6.154618376201510443e+01 2.002103979524203581e+01 -3.688112366944551468e-03
6.337704771465182318e+01 1.985151107247897428e+01 -2.549940347671508789e-01
6.664728754466891303e+01 1.943831260140963835e+01 -4.497530758380889893e-01
6.851405733531832709e+01 1.811985547479220671e+01 -7.833473086357116699e-01
6.977120512431979193e+01 1.653506333764621061e+01 -1.053583741188049316e+00
7.058867090648531928e+01 1.459806258615084928e+01 -1.273761153221130371e+00
7.085180395549654975e+01 1.268110389646121305e+01 -1.574484825134277344e+00
7.074102514690279975e+01 1.084848279889651579e+01 -1.733756184577941895e+00
7.025911444133639350e+01 9.361439298949921550e+00 -1.996868491172790527e+00
6.907213800853610053e+01 7.525336992107116707e+00 -2.239846944808959961e+00
6.749566667980074897e+01 6.015578311048233040e+00 -2.531091928482055664e+00
6.497807615703463568e+01 4.803778033815109261e+00 -2.848841667175292969e+00
6.242283934062838568e+01 4.499969396851741799e+00 3.137904644012451172e+00
5.928822153514742865e+01 4.635392602644645699e+00 3.051304817199707031e+00
5.594577425426363959e+01 5.025742452703201302e+00 2.997045278549194336e+00
5.226948851055026068e+01 5.549813907705032356e+00 3.022296905517578125e+00
4.889372938579440131e+01 5.956662397943222054e+00 3.025158643722534180e+00
4.782353514140963568e+01 7.104514490924560555e+00 2.969859838485717773e+00
4.455547922557711615e+01 7.797947477660858162e+00 2.846335887908935547e+00
4.159311884349703803e+01 8.827986966930115642e+00 2.764588594436645508e+00
3.834459894603610053e+01 1.002800400193759245e+01 2.839583635330200195e+00
3.384582870906710639e+01 1.130580182012149137e+01 2.812644720077514648e+00
3.020570391124606147e+01 1.261408026155062956e+01 2.798718929290771484e+00
2.670003765529513373e+01 1.470497662957736296e+01 2.784260988235473633e+00
2.356536262935519233e+01 1.575935776170321745e+01 2.814818143844604492e+00
2.022081726497530951e+01 1.698770458634921354e+01 2.794276714324951172e+00
1.693831199115633979e+01 1.808045442040988249e+01 2.827534675598144531e+00
1.390680306857943371e+01 1.879864628251620573e+01 2.984068393707275391e+00
1.168283098644137219e+01 1.887044842179843229e+01 3.137936115264892578e+00
8.920968708456753049e+00 1.899082953866549772e+01 -2.799843788146972656e+00
7.297097978056667600e+00 1.814585144456454557e+01 -2.502973556518554688e+00
5.902043518484829221e+00 1.677531654771395964e+01 -2.234192609786987305e+00
4.879776772917507444e+00 1.500117118295260710e+01 -1.909896969795227051e+00
4.499974188269375119e+00 1.293580467637606901e+01 -1.574183344841003418e+00
4.662483868063686643e+00 1.098698253568240446e+01 -1.349726915359497070e+00
5.588615474165676389e+00 9.020746898017609539e+00 -1.136008977890014648e+00
6.824694213331936155e+00 7.064841937385284432e+00 -8.425825834274291992e-01
8.230702814520595823e+00 5.842523079477035530e+00 -5.725831389427185059e-01
9.960236486853359494e+00 5.059381675086700447e+00 -2.766463458538055420e-01
1.215175860828280285e+01 4.847293075285636910e+00 -3.656591754406690598e-03
1.445580833858370617e+01 5.232987802587234505e+00 2.574136257171630859e-01
1.785737269824862494e+01 6.675057362876617439e+00 3.369854092597961426e-01
2.109458559459567084e+01 7.781279038749420174e+00 3.296191692352294922e-01
