2.023110989250567826e+01 7.237184470833820882e+00 2.416715323925018311e-01
2.385774735130694779e+01 8.241638964356464925e+00 2.381753623485565186e-01
2.855473641075518998e+01 9.361735409440083089e+00 2.052337229251861572e-01
3.231288078941729935e+01 1.008530182236580330e+01 2.838181555271148682e-01
3.495687845863727006e+01 1.106945199364571053e+01 3.470705747604370117e-01
3.819117907204059037e+01 1.230876547688393075e+01 4.021187424659729004e-01
4.151184919990924271e+01 1.365389270180611092e+01 3.789207637310028076e-01
4.478503111519244584e+01 1.482301217907814461e+01 3.439604341983795166e-01
4.841992739357379349e+01 1.601945263737587410e+01 3.149827122688293457e-01
5.170859221138385209e+01 1.714229208821205575e+01 3.104246556758880615e-01
5.429180983223346146e+01 1.805735332363991219e+01 2.681586742401123047e-01
5.800179842628863724e+01 1.905085903996376473e+01 2.005360871553421021e-01
6.127496603645709428e+01 1.976183277958778817e+01 1.467968523502349854e-01
6.440822962440874733e+01 1.987040025586037117e+01 -3.195675462484359741e-02
6.673592928566363014e+01 1.906887752407936532e+01 -4.069612622261047363e-01
6.895726565040972389e+01 1.728754145497230965e+01 -9.937719702720642090e-01
7.016274336494829811e+01 1.486375791424660164e+01 -1.281566858291625977e+00
7.032545450844195045e+01 1.198983711594490487e+01 -1.597958922386169434e+00
6.918946150459673561e+01 9.125015562714619222e+00 -2.116351842880249023e+00
6.716045740761187233e+01 7.172056561650318685e+00 -2.518315076828002930e+00
6.407724264778521217e+01 5.841040736378712239e+00 -2.916005134582519531e+00
6.093867663063434037e+01 5.603122240246815267e+00 3.109635829925537109e+00
5.691243055977252396e+01 6.000355905236286702e+00 3.109635829925537109e+00
5.335985544838336381e+01 6.474786525906605306e+00 3.056250333786010742e+00
4.951283339180377396e+01 7.063983803929371419e+00 2.988958120346069336e+00
4.620632532753375443e+01 7.571463113965076985e+00 2.977140426635742188e+00
4.252460364021685990e+01 8.258517211617512288e+00 2.908221483230590820e+00
3.900459650673297318e+01 9.196182912529987874e+00 2.777443170547485352e+00
3.560847881950763139e+01 1.032629114979652840e+01 2.771969318389892578e+00
3.222690228142169389e+01 1.167106253498939950e+01 2.754428625106811523e+00
2.937746885933307084e+01 1.284576875561623055e+01 2.681044340133666992e+00
2.249214771904376420e+01 1.591925007695106942e+01 2.685575008392333984e+00
1.963132980980304154e+01 1.741127592915443856e+01 2.599684238433837891e+00
1.608070019401935014e+01 1.864393216961769539e+01 2.843791007995605469e+00
1.304213527359393510e+01 1.956443292492775399e+01 2.910361528396606445e+00
1.054943088211444291e+01 1.952510458821205575e+01 -3.104747772216796875e+00
8.141975437778505409e+00 1.837858778828529793e+01 -2.659959554672241211e+00
6.087831293720276982e+00 1.663609129780678231e+01 -2.359874486923217773e+00
4.594375526088746220e+00 1.390351278180031258e+01 -1.878726243972778320e+00
4.499999915737183720e+00 1.125809950226692635e+01 -1.570989847183227539e+00
5.430701409954102665e+00 8.025011247338337483e+00 -9.928372502326965332e-01
7.261456286090882450e+00 5.909240668953938069e+00 -7.141887545585632324e-01
1.054389957107928666e+01 4.344157515408081593e+00 -2.639447748661041260e-01
1.508085492767718705e+01 4.613582393468899312e+00 2.387306541204452515e-01
